﻿Bokföringsdag;Belopp;Avsändare;Mottagare;Namn;Rubrik;Meddelande;Egna anteckningar;Saldo;Valuta
2022-05-12;-47333,00;192 69 56-2;5050-1055;SKATTEVERKET;SKATTEVERKET;1655682368139;;268434,65;SEK
2022-05-12;-7962,00;192 69 56-2;5050-1055;SKATTEVERKET;SKATTEVERKET;1655682368139;;;SEK
2022-05-04;-246263,00;192 69 56-2;5320-2560;GARANTITAK I KUMLA AB;GARANTITAK I KUMLA AB;Fakt nr 8191 kund nr 0032;;323729,65;SEK
2022-05-04;-4,20;192 69 56-2;;PRIS ENL SPEC;PRIS ENL SPEC;;;;SEK
2022-04-27;250000,00;192 69 85-1;192 69 56-2;FÄNSBODA AB;FÄNSBODA AB;fr fänsboda AB;;569996,85;SEK
2022-04-21;50000,00;192 69 85-1;192 69 56-2;FÄNSBODA AB;FÄNSBODA AB;fr fänsboda AB;;319996,85;SEK
2022-04-12;-7962,00;192 69 56-2;5050-1055;SKATTEVERKET;SKATTEVERKET;1655682368139;;269996,85;SEK
2022-04-04;-11,90;192 69 56-2;;PRIS ENL SPEC;PRIS ENL SPEC;;;277958,85;SEK
2022-03-31;-15188,00;192 69 56-2;955-2019;JA:S BILSERVICE;JA:S BILSERVICE;Fakt nr 301688;;277970,75;SEK
2022-03-31;259351,00;;192 69 56-2;BG INBETALNINGAR;BG INBETALNINGAR;0755-0908 BM 00002;;;SEK
2022-03-14;-7962,00;192 69 56-2;5050-1055;SKATTEVERKET;SKATTEVERKET;1655682368139;;33807,75;SEK
2022-03-04;-50000,00;192 69 56-2;5050-1055;SKATTEVERKET;SKATTEVERKET;1655682368139;;41769,75;SEK
2022-03-03;-5,10;192 69 56-2;;PRIS ENL SPEC;PRIS ENL SPEC;;;91769,75;SEK
2022-03-03;50000,00;192 69 85-1;192 69 56-2;FÄNSBODA AB;FÄNSBODA AB;fr fänsboda AB;;;SEK
2022-03-01;-16368,00;192 69 56-2;967-7659;LÄNSFÖRSÄKRINGAR BERGSLAGEN;LÄNSFÖRSÄKRINGAR BERGSLAGEN;637240951301152;;41774,85;SEK
2022-02-15;-7500,00;192 69 56-2;273-2451;E C A Redovisning i Örebro AB;E C A Redovisning i Örebro AB;2642;;58142,85;SEK
2022-02-14;-47577,00;192 69 56-2;5050-1055;SKATTEVERKET;SKATTEVERKET;1655682368139;;65642,85;SEK
2022-02-14;-7962,00;192 69 56-2;5050-1055;SKATTEVERKET;SKATTEVERKET;1655682368139;;;SEK
2022-02-03;-11,70;192 69 56-2;;PRIS ENL SPEC;PRIS ENL SPEC;;;121181,85;SEK
2022-01-27;-275000,00;192 69 56-2;192 69 81-0;FASTIGHET ARNBOMSGATAN AB;FASTIGHET ARNBOMSGATAN AB;fr  Metallen;;121193,55;SEK
2022-01-17;-7962,00;192 69 56-2;5050-1055;SKATTEVERKET;SKATTEVERKET;1655682368139;;396193,55;SEK
2022-01-05;-1313,50;192 69 56-2;;PRIS ENL SPEC;PRIS ENL SPEC;;;404155,55;SEK
2022-01-03;26933,00;;192 69 56-2;BG INBETALNINGAR;BG INBETALNINGAR;0755-0908 BM 00001;;405469,05;SEK